1.000000000000000000e+00 0.000000000000000000e+00 0.000000000000000000e+00 0.000000000000000000e+00 0.000000000000000000e+00 1.000000000000000000e+00 0.000000000000000000e+00 0.000000000000000000e+00 0.000000000000000000e+00 0.000000000000000000e+00 1.000000000000000000e+00 0.000000000000000000e+00 0.000000000000000000e+00 0.000000000000000000e+00 0.000000000000000000e+00 1.000000000000000000e+00
9.999722242355346680e-01 -2.792552986647933722e-04 7.445035967975854874e-03 3.283154219388961792e-04 2.689219545572996140e-04 9.999989867210388184e-01 1.389525597915053368e-03 -1.213971450924873352e-01 -7.445416413247585297e-03 -1.387484837323427200e-03 9.999712705612182617e-01 9.926039576530456543e-01 0.000000000000000000e+00 0.000000000000000000e+00 0.000000000000000000e+00 1.000000000000000000e+00
9.998975486372471133e-01 -3.921510417678780356e-04 1.430860756301454567e-02 -5.524690343547862537e-04 3.550806025431834474e-04 9.999966337325575383e-01 2.593426537583229906e-03 -2.201260026771896805e-01 -1.430957494842809499e-02 -2.588080036643219256e-03 9.998942964803497757e-01 1.987717903662222341e+00 0.000000000000000000e+00 0.000000000000000000e+00 0.000000000000000000e+00 1.000000000000000000e+00
9.997391179269050632e-01 -4.063757327026095204e-04 2.283475095389913070e-02 4.320718828957273439e-02 3.024624889108902125e-04 9.999895940240496328e-01 4.554055517969374418e-03 -3.710357837071591725e-01 -2.283636375737852636e-02 -4.545961028656952084e-03 9.997288116086802123e-01 2.975296459858558951e+00 0.000000000000000000e+00 0.000000000000000000e+00 0.000000000000000000e+00 1.000000000000000000e+00
9.995549915016114229e-01 -1.958713097374435339e-04 2.982494091937919201e-02 1.022073388202887345e-01 1.476000783476217250e-05 9.999815603621928783e-01 6.072879396219918631e-03 -5.078602729352512668e-01 -2.982558044149432458e-02 -6.069737682492196834e-03 9.995365338150635770e-01 3.964133137354965974e+00 0.000000000000000000e+00 0.000000000000000000e+00 0.000000000000000000e+00 1.000000000000000000e+00
9.993499275683783711e-01 -1.299971951455121042e-04 3.604854947688107547e-02 1.569892723975010729e-01 -1.331359274446437802e-04 9.999733475007371863e-01 7.297205907315448652e-03 -6.202615748856989963e-01 -3.604853895355141641e-02 -7.297262259440989197e-03 9.993232346565510404e-01 4.956284626338265831e+00 0.000000000000000000e+00 0.000000000000000000e+00 0.000000000000000000e+00 1.000000000000000000e+00
9.991931505744051645e-01 5.701245875749039660e-04 4.015646234110386431e-02 2.689101181322685052e-01 -8.943996908611564090e-04 9.999671353992531930e-01 8.058077384535393406e-03 -8.273551004146124654e-01 -4.015054811000560303e-02 -8.087492124202880564e-03 9.991607859118086798e-01 5.928182559019442799e+00 0.000000000000000000e+00 0.000000000000000000e+00 0.000000000000000000e+00 1.000000000000000000e+00
9.990593444498760967e-01 1.244869085843493131e-03 4.334437309512719633e-02 3.719554260731881556e-01 -1.606223266853225437e-03 9.999641486487785835e-01 8.303189822722342392e-03 -1.024137277638049959e+00 -4.333248928796320371e-02 -8.365000088745402559e-03 9.990254964251332748e-01 6.903199581679849040e+00 0.000000000000000000e+00 0.000000000000000000e+00 0.000000000000000000e+00 1.000000000000000000e+00
9.989284991007462144e-01 1.577585662598626629e-03 4.625171343954975756e-02 5.355710737310629410e-01 -1.964844634133087933e-03 9.999632323983194127e-01 8.328811796070393833e-03 -1.156487767517298648e+00 -4.623688505672225724e-02 -8.410764895047256190e-03 9.988948479938031255e-01 7.880805288780567963e+00 0.000000000000000000e+00 0.000000000000000000e+00 0.000000000000000000e+00 1.000000000000000000e+00
9.986257724875539088e-01 1.411965677791868906e-03 5.238782201530054611e-02 6.560658216491938033e-01 -1.927963694987989670e-03 9.999499954479510455e-01 9.800488122762806426e-03 -1.346012796299419501e+00 -5.237137314161632168e-02 -9.888021298680143428e-03 9.985785276444322234e-01 8.855259386019847412e+00 0.000000000000000000e+00 0.000000000000000000e+00 0.000000000000000000e+00 1.000000000000000000e+00
9.983772486998159224e-01 1.840918882090429544e-03 5.691603679597753013e-02 8.153818795083614956e-01 -2.459256829349255446e-03 9.999386046217619839e-01 1.079596313420168319e-02 -1.533476073386422112e+00 -5.689267352783269893e-02 -1.091841394943946809e-02 9.983204525422694209e-01 9.824524803530696460e+00 0.000000000000000000e+00 0.000000000000000000e+00 0.000000000000000000e+00 1.000000000000000000e+00
9.979599256483154823e-01 1.864239462944771450e-03 6.381649600811538370e-02 9.398419881355281058e-01 -2.668450844984343075e-03 9.999180140418324481e-01 1.251899733523195897e-02 -1.725176145647217441e+00 -6.378792824117550386e-02 -1.266374668428398714e-02 9.978830373611217164e-01 1.079805470446689419e+01 0.000000000000000000e+00 0.000000000000000000e+00 0.000000000000000000e+00 1.000000000000000000e+00
9.975219939194813756e-01 1.841626801878284330e-03 7.033088129414621914e-02 1.072485202866007681e+00 -2.849113085589088674e-03 9.998946718820498347e-01 1.422735889255982537e-02 -1.902895929196047220e+00 -7.029727452406313304e-02 -1.439248322402357505e-02 9.974221208807978467e-01 1.177315537279142887e+01 0.000000000000000000e+00 0.000000000000000000e+00 0.000000000000000000e+00 1.000000000000000000e+00
9.970114257725363194e-01 1.859734984274511328e-03 7.723108098159765789e-02 1.209195686804308778e+00 -3.080452086439723885e-03 9.998720210105761508e-01 1.568995490594758679e-02 -2.064708630659318533e+00 -7.719203282070963290e-02 -1.588097140063430765e-02 9.968894887279317052e-01 1.275046116371860627e+01 0.000000000000000000e+00 0.000000000000000000e+00 0.000000000000000000e+00 1.000000000000000000e+00
9.963944312541396231e-01 1.429499974235568611e-03 8.482897254427845812e-02 1.335688699843771143e+00 -2.913100443968273234e-03 9.998448387396722259e-01 1.736818812042810120e-02 -2.207528156249009221e+00 -8.479098998089749928e-02 -1.755268263525528241e-02 9.962438979665848571e-01 1.373209324381659080e+01 0.000000000000000000e+00 0.000000000000000000e+00 0.000000000000000000e+00 1.000000000000000000e+00
9.958609199785100063e-01 9.915254584477069255e-04 9.088447627481241464e-02 1.444865258551997433e+00 -2.702613900369562304e-03 9.998213119687959782e-01 1.870596358679507687e-02 -2.308011771309929738e+00 -9.084969163175765638e-02 -1.887416292803258816e-02 9.956855721374353596e-01 1.472102351218320493e+01 0.000000000000000000e+00 0.000000000000000000e+00 0.000000000000000000e+00 1.000000000000000000e+00
9.952113359025935857e-01 5.181317210599055943e-04 9.774434365979600692e-02 1.574042974970197184e+00 -2.513241114554701054e-03 9.997909472574341150e-01 2.028956917450350922e-02 -2.450588273906835202e+00 -9.771339386317284825e-02 -2.043806586911596848e-02 9.950045216446573582e-01 1.570234143949995342e+01 0.000000000000000000e+00 0.000000000000000000e+00 0.000000000000000000e+00 1.000000000000000000e+00
9.942623250506827937e-01 -6.457267176061796152e-05 1.069686829363559605e-01 1.694492595531726709e+00 -2.343072101759470505e-03 9.997466840611815009e-01 2.238215607141698371e-02 -2.583360055108364417e+00 -1.069430326251216562e-01 -2.250437039856219984e-02 9.940102302716736782e-01 1.668614181570309185e+01 0.000000000000000000e+00 0.000000000000000000e+00 0.000000000000000000e+00 1.000000000000000000e+00
9.933433596372526209e-01 -5.843797510925888370e-04 1.151889094145127079e-01 1.804254974953330315e+00 -2.218918487949330526e-03 9.997044719155493420e-01 2.420686645146616009e-02 -2.688947111139027513e+00 -1.151690080651071313e-01 -2.430132547483178015e-02 9.930484398075295482e-01 1.767447539936826217e+01 0.000000000000000000e+00 0.000000000000000000e+00 0.000000000000000000e+00 1.000000000000000000e+00
9.924950070742396546e-01 -9.766633270546247123e-04 1.222803407154715305e-01 1.959856505799032256e+00 -2.221808051447404092e-03 9.996589292683570882e-01 2.601786785514505554e-02 -2.841437222944534824e+00 -1.222640455785053287e-01 -2.609428940635871719e-02 9.921542920277856004e-01 1.865045412772840905e+01 0.000000000000000000e+00 0.000000000000000000e+00 0.000000000000000000e+00 1.000000000000000000e+00
9.916679028520487549e-01 -1.117295146083117745e-03 1.288145581310895516e-01 2.117962253232783976e+00 -2.456344355979955211e-03 9.996164868214990618e-01 2.758039028687358715e-02 -2.980243227726871336e+00 -1.287959729959616828e-01 -2.766700572576449510e-02 9.912848032190675340e-01 1.962807112961074196e+01 0.000000000000000000e+00 0.000000000000000000e+00 0.000000000000000000e+00 1.000000000000000000e+00
9.904572585258736295e-01 -1.003226624187739113e-03 1.378149604468530409e-01 2.263449276937403720e+00 -3.046685982085724741e-03 9.995695957703303325e-01 2.917259327330870219e-02 -3.091658870674640625e+00 -1.377849279301857355e-01 -2.931409388724312906e-02 9.900278757586518097e-01 2.061113748127512224e+01 0.000000000000000000e+00 0.000000000000000000e+00 0.000000000000000000e+00 1.000000000000000000e+00
9.895916415122013587e-01 5.039252992870211752e-04 1.439018083879836096e-01 2.495581195777345052e+00 -4.895150894924453142e-03 9.995328510842903524e-01 3.016307191989433395e-02 -3.318978080802319930e+00 -1.438193992426146095e-01 -3.055355062022798926e-02 9.891318152831671817e-01 2.155688586093091530e+01 0.000000000000000000e+00 0.000000000000000000e+00 0.000000000000000000e+00 1.000000000000000000e+00
9.889207386860433546e-01 1.933908355975050676e-03 1.484306681835414199e-01 2.696794206179362607e+00 -6.516364743347945014e-03 9.995166420511418792e-01 3.039266024015667422e-02 -3.518788648610730707e+00 -1.483001598058248105e-01 -3.102316479517860937e-02 9.884553367174627736e-01 2.251583759513594174e+01 0.000000000000000000e+00 0.000000000000000000e+00 0.000000000000000000e+00 1.000000000000000000e+00
9.877037574661668984e-01 1.406672195887456950e-03 1.563293038667127044e-01 2.861148144496856283e+00 -6.458328304332016344e-03 9.994728786952616906e-01 3.181103482376210906e-02 -3.621809485587451860e+00 -1.562021622010959232e-01 -3.242951153447209967e-02 9.871922258957483987e-01 2.349684416864853986e+01 0.000000000000000000e+00 0.000000000000000000e+00 0.000000000000000000e+00 1.000000000000000000e+00
9.874764582515095368e-01 2.533514238744193417e-03 1.577446452628903373e-01 3.160155560074250580e+00 -7.524317668421785787e-03 9.994894013967116075e-01 3.104943459003921269e-02 -3.716788546411903482e+00 -1.575854336934421340e-01 -3.184751290513471167e-02 9.869913696771712708e-01 2.444635604243901383e+01 0.000000000000000000e+00 0.000000000000000000e+00 0.000000000000000000e+00 1.000000000000000000e+00
9.872428754985228538e-01 3.558346455813945174e-03 1.591803568020107584e-01 3.458185141717059707e+00 -8.495215112175822855e-03 9.995032198422683090e-01 3.034468768476757117e-02 -3.803451518421036237e+00 -1.589933173066107042e-01 -3.130985542945048661e-02 9.867826903692451523e-01 2.539697026600043017e+01 0.000000000000000000e+00 0.000000000000000000e+00 0.000000000000000000e+00 1.000000000000000000e+00
9.858863623627953654e-01 3.176671698225711892e-03 1.673844254450167768e-01 3.664603909162435613e+00 -8.713253501381230601e-03 9.994383684774621468e-01 3.235309621070945468e-02 -3.945508354118596461e+00 -1.671876508994971922e-01 -3.335494612331034447e-02 9.853603634101302244e-01 2.636506647952658255e+01 0.000000000000000000e+00 0.000000000000000000e+00 0.000000000000000000e+00 1.000000000000000000e+00
9.844856591709858495e-01 3.306915107761842967e-03 1.754324581681038775e-01 3.882286330514837402e+00 -9.394751867422024630e-03 9.993815042108455948e-01 3.388282216476813657e-02 -4.099052900032474689e+00 -1.752119134580500392e-01 -3.500530625089788572e-02 9.839078626659367721e-01 2.732893252360526759e+01 0.000000000000000000e+00 0.000000000000000000e+00 0.000000000000000000e+00 1.000000000000000000e+00
9.831260670349833974e-01 3.683398344797799307e-03 1.828909690033519164e-01 4.100659047551844516e+00 -1.021922214430516333e-02 9.993416667091621353e-01 3.480666205887320008e-02 -4.248575935806594650e+00 -1.826423689630948533e-01 -3.608834812004441811e-02 9.825164995185848849e-01 2.829327449907088976e+01 0.000000000000000000e+00 0.000000000000000000e+00 0.000000000000000000e+00 1.000000000000000000e+00
9.818652469693613938e-01 3.596394406985287638e-03 1.895449510021347816e-01 4.324574030779809064e+00 -1.061317837801287883e-02 9.992946652646950145e-01 3.601712789312703361e-02 -4.373809859385366039e+00 -1.892817413091764933e-01 -3.737564715048910524e-02 9.812108646189742212e-01 2.925980327830405514e+01 0.000000000000000000e+00 0.000000000000000000e+00 0.000000000000000000e+00 1.000000000000000000e+00
9.803502279933741237e-01 4.001361406983271890e-03 1.972232187389388325e-01 4.584299571614017133e+00 -1.144598472499254449e-02 9.992634677219782713e-01 3.662181938579053830e-02 -4.519448873387859500e+00 -1.969314460513717502e-01 -3.815963042317353782e-02 9.796739564701804071e-01 3.021443996547566968e+01 0.000000000000000000e+00 0.000000000000000000e+00 0.000000000000000000e+00 1.000000000000000000e+00
9.788825583567630773e-01 3.700039906979158463e-03 2.043889465157769925e-01 4.813904161356147959e+00 -1.171281721199561067e-02 9.992086284655669060e-01 3.800780357025616146e-02 -4.610899480939060879e+00 -2.040865902732396098e-01 -3.959915331311506664e-02 9.781512248096349005e-01 3.118341765893297790e+01 0.000000000000000000e+00 0.000000000000000000e+00 0.000000000000000000e+00 1.000000000000000000e+00
9.777153557381095261e-01 3.518445991275716712e-03 2.099045792662028453e-01 5.050587197581682730e+00 -1.200362744494045536e-02 9.991605745074386702e-01 3.916373654642927443e-02 -4.711010556785952375e+00 -2.095905921557068841e-01 -4.081060761826663108e-02 9.769368536539527748e-01 3.214983277552107666e+01 0.000000000000000000e+00 0.000000000000000000e+00 0.000000000000000000e+00 1.000000000000000000e+00
9.761340975966011912e-01 3.490804357429668024e-03 2.171397691352474069e-01 5.316054795691143475e+00 -1.256065317584420700e-02 9.991043878680746504e-01 4.040353720360169432e-02 -4.870048618719963862e+00 -2.168042534400446142e-01 -4.216669244291960245e-02 9.753036806366829348e-01 3.310074456434923462e+01 0.000000000000000000e+00 0.000000000000000000e+00 0.000000000000000000e+00 1.000000000000000000e+00
9.743975790281073079e-01 2.682284336092030565e-03 2.248150855569107653e-01 5.591599189859578267e+00 -1.248050248420537987e-02 9.990322186649296388e-01 4.217373596470471581e-02 -5.004683098098831273e+00 -2.244843930096256934e-01 -4.389979448717170468e-02 9.734880393563425383e-01 3.405255777021803709e+01 0.000000000000000000e+00 0.000000000000000000e+00 0.000000000000000000e+00 1.000000000000000000e+00
9.724584586777342832e-01 1.537003031723868868e-03 2.330705463801790722e-01 5.845947070595967077e+00 -1.218606504564151427e-02 9.989457164119494026e-01 4.425726946479325435e-02 -5.122007225101761207e+00 -2.327568079457902339e-01 -4.587857070155769434e-02 9.714519097711271645e-01 3.501252742919287186e+01 0.000000000000000000e+00 0.000000000000000000e+00 0.000000000000000000e+00 1.000000000000000000e+00
9.707320984365600536e-01 2.500248066958362953e-03 2.401511324677323422e-01 6.142439513827669728e+00 -1.381471817243813509e-02 9.988713231534371850e-01 4.544210666355393696e-02 -5.328908223784855736e+00 -2.397664770269163914e-01 -4.742973874364088405e-02 9.696709349253674892e-01 3.594488122163360089e+01 0.000000000000000000e+00 0.000000000000000000e+00 0.000000000000000000e+00 1.000000000000000000e+00
9.683062326368343520e-01 1.994562612758877997e-03 2.497571522225873197e-01 6.422080321087434207e+00 -1.434680444060951188e-02 9.987610593514604229e-01 4.764635438381897153e-02 -5.460523570327910470e+00 -2.493527211803118204e-01 -4.971948855322958633e-02 9.671351081025603147e-01 3.689592152513993994e+01 0.000000000000000000e+00 0.000000000000000000e+00 0.000000000000000000e+00 1.000000000000000000e+00
9.674499914158575242e-01 2.592425745678664847e-03 2.530483263188049170e-01 6.787605107115593839e+00 -1.507298991278523820e-02 9.987623979311850420e-01 4.739471555126048563e-02 -5.556342813781562917e+00 -2.526122973717820908e-01 -4.966621772444675814e-02 9.662916619086653336e-01 3.782177758118184130e+01 0.000000000000000000e+00 0.000000000000000000e+00 0.000000000000000000e+00 1.000000000000000000e+00
9.665887111409532384e-01 3.217649316158753200e-03 2.563115245561569666e-01 7.152908520740247411e+00 -1.579903985733274036e-02 9.987678040445385763e-01 4.704233274258533964e-02 -5.662304140562486765e+00 -2.558443663829799153e-01 -4.952006849139486966e-02 9.654484100876915553e-01 3.874661535221000719e+01 0.000000000000000000e+00 0.000000000000000000e+00 0.000000000000000000e+00 1.000000000000000000e+00
9.646377219614182819e-01 2.637819118621765636e-03 2.635654613400589819e-01 7.470445930593407446e+00 -1.609907324544786883e-02 9.986724521859651205e-01 4.892696889408900546e-02 -5.813427633105027859e+00 -2.630865442032056523e-01 -5.143996619751185079e-02 9.633994717282466924e-01 3.968274087191148425e+01 0.000000000000000000e+00 0.000000000000000000e+00 0.000000000000000000e+00 1.000000000000000000e+00
9.628663568403391659e-01 2.305186783720759164e-03 2.699677230454579080e-01 7.809018947057865923e+00 -1.657853257417729251e-02 9.985811148522197866e-01 5.060235561779256874e-02 -5.987857908450376243e+00 -2.694680677865295970e-01 -5.319899042136152362e-02 9.615382409087264159e-01 4.060737135476180981e+01 0.000000000000000000e+00 0.000000000000000000e+00 0.000000000000000000e+00 1.000000000000000000e+00
9.609988264310489470e-01 1.980074672899938965e-03 2.765446913260380390e-01 8.167780514178957674e+00 -1.711571588902990187e-02 9.984831421899384996e-01 5.232831708599321868e-02 -6.159820141798389770e+00 -2.760216108403167334e-01 -5.502071918326010419e-02 9.595749065693157664e-01 4.152482331052333819e+01 0.000000000000000000e+00 0.000000000000000000e+00 0.000000000000000000e+00 1.000000000000000000e+00
9.587795620045547196e-01 1.432848065679218378e-03 2.841468201103887203e-01 8.508401041089188155e+00 -1.756906046109777200e-02 9.983728564954821305e-01 5.424781875232715517e-02 -6.297447097351636991e+00 -2.836067349161937590e-01 -5.700389487363336644e-02 9.572445511501334048e-01 4.245489625462415972e+01 0.000000000000000000e+00 0.000000000000000000e+00 0.000000000000000000e+00 1.000000000000000000e+00
9.570016506725070871e-01 1.322432121210322066e-03 2.900790524745172627e-01 8.876459416108088973e+00 -1.821791125397364056e-02 9.982895587345594901e-01 5.555178271113079408e-02 -6.456122997073642900e+00 -2.895093880094019578e-01 -5.844778084519065137e-02 9.553887574606306776e-01 4.337105907065269861e+01 0.000000000000000000e+00 0.000000000000000000e+00 0.000000000000000000e+00 1.000000000000000000e+00
9.550223702439896156e-01 2.221540752401733945e-03 2.965250116414045456e-01 9.266998055074177287e+00 -1.991795772050502025e-02 9.981941837825661912e-01 5.667169401911169302e-02 -6.652871927099530680e+00 -2.958635839153105906e-01 -6.002890942091387155e-02 9.533419106312943647e-01 4.427037495244253051e+01 0.000000000000000000e+00 0.000000000000000000e+00 0.000000000000000000e+00 1.000000000000000000e+00
9.527756576072483607e-01 2.865868813587324829e-03 3.036610986899274667e-01 9.638072375119495661e+00 -2.148299400905328074e-02 9.980862398154385362e-01 5.798602207104564671e-02 -6.848972738477177913e+00 -3.029137171190859346e-01 -6.177122111545699235e-02 9.510137424467978162e-01 4.517803569071626413e+01 0.000000000000000000e+00 0.000000000000000000e+00 0.000000000000000000e+00 1.000000000000000000e+00
9.507232012464510440e-01 4.728677557690338061e-03 3.100045584335527349e-01 1.000170310704829646e+01 -2.437509757939925609e-02 9.979287889090051600e-01 5.953169613965443585e-02 -7.006199763266100611e+00 -3.090809073261289730e-01 -6.415455458275783063e-02 9.488691968957682077e-01 4.609621422624223186e+01 0.000000000000000000e+00 0.000000000000000000e+00 0.000000000000000000e+00 1.000000000000000000e+00
9.489737575695010863e-01 7.878715222059613429e-03 3.152561710259595418e-01 1.037385854800812268e+01 -2.811875657462811762e-02 9.978199564989065351e-01 5.970520591810488109e-02 -7.066158281297068022e+00 -3.140984431920453290e-01 -6.552329004718121519e-02 9.471263531975911976e-01 4.702244576933806997e+01 0.000000000000000000e+00 0.000000000000000000e+00 0.000000000000000000e+00 1.000000000000000000e+00
9.455417030841754000e-01 1.675199415701807831e-02 3.250691432477198495e-01 1.036945752396185050e+01 -3.723996792923824073e-02 9.976847177748547901e-01 5.690711255716703054e-02 -6.846485491926058486e+00 -3.233631545672873697e-01 -6.591361921685870429e-02 9.439762137205018888e-01 4.799800919989240811e+01 0.000000000000000000e+00 0.000000000000000000e+00 0.000000000000000000e+00 1.000000000000000000e+00
9.424510889613644249e-01 2.530525179220753651e-02 3.333843340767296270e-01 1.040046701279571195e+01 -4.577363134221104635e-02 9.975083373267947806e-01 5.368350540257500053e-02 -6.585707992323002635e+00 -3.311951157050435635e-01 -6.585431061123050989e-02 9.412610219372110620e-01 4.896290968484879613e+01 0.000000000000000000e+00 0.000000000000000000e+00 0.000000000000000000e+00 1.000000000000000000e+00
9.409487520148520634e-01 3.426555057165132229e-02 3.368097839019084661e-01 9.951839300095327800e+00 -5.406827166046879185e-02 9.973050617397943851e-01 4.958968260807714024e-02 -6.353020749251304444e+00 -3.342028550498637451e-01 -6.487209195328952349e-02 9.402655464663409735e-01 4.982580553334252471e+01 0.000000000000000000e+00 0.000000000000000000e+00 0.000000000000000000e+00 1.000000000000000000e+00
9.394336485055053698e-01 4.346236503426740422e-02 3.399633627633198985e-01 9.683199613424736896e+00 -6.267568336566629872e-02 9.969854559196329458e-01 4.573522151021243431e-02 -5.957157000365164379e+00 -3.369507205459750243e-01 -6.427264462609227902e-02 9.393256312758503368e-01 5.070394217152060889e+01 0.000000000000000000e+00 0.000000000000000000e+00 0.000000000000000000e+00 1.000000000000000000e+00
9.377994403445366611e-01 5.243542327022177041e-02 3.431945609513541440e-01 9.441813978098171134e+00 -7.096423816892680203e-02 9.966090743686610853e-01 4.164571696472590956e-02 -5.467794896691768436e+00 -3.398470588419990612e-01 -6.340985954221574350e-02 9.383403909950797095e-01 5.154195005684741204e+01 0.000000000000000000e+00 0.000000000000000000e+00 0.000000000000000000e+00 1.000000000000000000e+00
9.363162670170188662e-01 6.166688076024471471e-02 3.457003758352261702e-01 9.311912766787054707e+00 -7.937525438633684371e-02 9.961471281103909670e-01 3.728968340218033473e-02 -5.031791214620985997e+00 -3.420688123451255946e-01 -6.235498956462268150e-02 9.376035088100362902e-01 5.243247014328329669e+01 0.000000000000000000e+00 0.000000000000000000e+00 0.000000000000000000e+00 1.000000000000000000e+00
9.345235542141595575e-01 7.066163779998538286e-02 3.488156628768010470e-01 9.056359410556011014e+00 -8.763853698374653167e-02 9.956019606837814839e-01 3.311033131652983685e-02 -4.594576702278594382e+00 -3.449418320515216241e-01 -6.151207033674983143e-02 9.366060982641615240e-01 5.329475521505964508e+01 0.000000000000000000e+00 0.000000000000000000e+00 0.000000000000000000e+00 1.000000000000000000e+00
9.327816586755452999e-01 7.931070579622000183e-02 3.516075824812139872e-01 8.947958273487673253e+00 -9.567815599887040390e-02 9.949783018975939530e-01 2.939184887041075209e-02 -4.083726831408467817e+00 -3.475107532176137659e-01 -6.105733894282876911e-02 9.356857432223723015e-01 5.414756316229642863e+01 0.000000000000000000e+00 0.000000000000000000e+00 0.000000000000000000e+00 1.000000000000000000e+00
9.312912596322323600e-01 8.780651782798858107e-02 3.535339985712570021e-01 8.977446597873846912e+00 -1.033797119269815046e-01 9.943182999192764493e-01 2.536947301420607037e-02 -3.621070011986950110e+00 -3.492976935180834297e-01 -6.017460344216847556e-02 9.350773021049569866e-01 5.503360985858559218e+01 0.000000000000000000e+00 0.000000000000000000e+00 0.000000000000000000e+00 1.000000000000000000e+00
9.289892376735170432e-01 9.662255928270349625e-02 3.572712518383551750e-01 9.016400769548871708e+00 -1.116667367431620761e-01 9.935093385550418654e-01 2.166912152648091047e-02 -3.277458663953367601e+00 -3.528585819757334985e-01 -6.002568680509903082e-02 9.337489711497791722e-01 5.597191325326013356e+01 0.000000000000000000e+00 0.000000000000000000e+00 0.000000000000000000e+00 1.000000000000000000e+00
9.265206961218885873e-01 1.052516038200589504e-01 3.612215915752252093e-01 8.994139000499352221e+00 -1.195483779059651058e-01 9.926758822314615260e-01 1.739463080947261167e-02 -2.857992757468113876e+00 -3.567451478257711583e-01 -5.929994743991446465e-02 9.323173463369788250e-01 5.687941108114090127e+01 0.000000000000000000e+00 0.000000000000000000e+00 0.000000000000000000e+00 1.000000000000000000e+00
9.250374548495484683e-01 1.127899079773423685e-01 3.627447719671966220e-01 9.206476066799826441e+00 -1.264748337971690895e-01 9.918692650976861369e-01 1.411762191146945407e-02 -2.401974095310801083e+00 -3.582030524449847930e-01 -5.893740983199231148e-02 9.317812421280982083e-01 5.774367911882291793e+01 0.000000000000000000e+00 0.000000000000000000e+00 0.000000000000000000e+00 1.000000000000000000e+00
9.235454507363778376e-01 1.207350878718463638e-01 3.639869931470146036e-01 9.379703867109903115e+00 -1.339191713089916969e-01 9.909299996651766973e-01 1.110037657974258241e-02 -1.988707766562220369e+00 -3.593454041834054924e-01 -5.899652963806277517e-02 9.313376002256459341e-01 5.863766035613132743e+01 0.000000000000000000e+00 0.000000000000000000e+00 0.000000000000000000e+00 1.000000000000000000e+00
9.219146492776223445e-01 1.289791235754151610e-01 3.652909927390576850e-01 9.547242885884362096e+00 -1.416197902280650622e-01 9.898894585660586998e-01 7.901213046245194119e-03 -1.503500871040237108e+00 -3.605786169344669667e-01 -5.901666578889687431e-02 9.308595710887214159e-01 5.949585872182196056e+01 0.000000000000000000e+00 0.000000000000000000e+00 0.000000000000000000e+00 1.000000000000000000e+00
9.206717471257115371e-01 1.356460880485187981e-01 3.660099054188145073e-01 9.909128119295624870e+00 -1.474997693619861661e-01 9.890518114888802170e-01 4.474869332409070130e-03 -1.188501409538840203e+00 -3.613957785714617676e-01 -5.810626453078857057e-02 9.305998128295842609e-01 6.037324907453987777e+01 0.000000000000000000e+00 0.000000000000000000e+00 0.000000000000000000e+00 1.000000000000000000e+00
9.188201220349535570e-01 1.434112457874566482e-01 3.676985039982678116e-01 1.020283339433517611e+01 -1.545374020282626049e-01 9.879864129572213383e-01 8.260182860580865928e-04 -9.203466697118118933e-01 -3.631626956097235293e-01 -5.758215014278252053e-02 9.299441929445250166e-01 6.129076181123858191e+01 0.000000000000000000e+00 0.000000000000000000e+00 0.000000000000000000e+00 1.000000000000000000e+00
9.171493877698690955e-01 1.514500791379168876e-01 3.686451558236147896e-01 1.049295566877790087e+01 -1.617616967221509050e-01 9.868251520222630635e-01 -2.970618676274850746e-03 -5.594463128964231036e-01 -3.642382653280758498e-01 -5.690818053758781719e-02 9.295649284128250089e-01 6.217709082062448545e+01 0.000000000000000000e+00 0.000000000000000000e+00 0.000000000000000000e+00 1.000000000000000000e+00
9.164518729132727914e-01 1.573236532461137482e-01 3.679194266683720183e-01 1.096192891997599084e+01 -1.666894677850506712e-01 9.859884676286333471e-01 -6.404733361423277718e-03 -2.081725520134176111e-01 -3.637719318524384460e-01 -5.545867355326846576e-02 9.298352219328041013e-01 6.298744249504418491e+01 0.000000000000000000e+00 0.000000000000000000e+00 0.000000000000000000e+00 1.000000000000000000e+00
9.156806444369911535e-01 1.632109835749748217e-01 3.672744066486919867e-01 1.142071410900038408e+01 -1.717935445736415712e-01 9.850874663491127059e-01 -9.445399949778398446e-03 1.951264525007130324e-01 -3.633390437324291455e-01 -5.444642099877244207e-02 9.300641802605642550e-01 6.377919080070935109e+01 0.000000000000000000e+00 0.000000000000000000e+00 0.000000000000000000e+00 1.000000000000000000e+00
9.151374299027500436e-01 1.684655435211293850e-01 3.662544734426216309e-01 1.188793360777116703e+01 -1.761793917601723880e-01 9.842780750411378454e-01 -1.252849658030169393e-02 4.691207806481272335e-01 -3.626069367877682303e-01 -5.306120048477927509e-02 9.304299285719447310e-01 6.461980496640812532e+01 0.000000000000000000e+00 0.000000000000000000e+00 0.000000000000000000e+00 1.000000000000000000e+00
9.139356529273052754e-01 1.737486138631607058e-01 3.667866513042337684e-01 1.232380169674057235e+01 -1.807622679352537121e-01 9.834054581905707915e-01 -1.543206118512549171e-02 6.419474240886851035e-01 -3.633813827846824607e-01 -5.219728974218567491e-02 9.301765402495720814e-01 6.550306545368616185e+01 0.000000000000000000e+00 0.000000000000000000e+00 0.000000000000000000e+00 1.000000000000000000e+00
9.129424767229102899e-01 1.784289913815692852e-01 3.670131204503042643e-01 1.276247566235442044e+01 -1.848137849881752448e-01 9.826086736247487963e-01 -1.798723446925973302e-02 8.112926887197019488e-01 -3.638397879079927066e-01 -5.140778130804660867e-02 9.300413873663369024e-01 6.638561081096224825e+01 0.000000000000000000e+00 0.000000000000000000e+00 0.000000000000000000e+00 1.000000000000000000e+00
9.119002627230592406e-01 1.836551815009647426e-01 3.670260630429748039e-01 1.322702513228472299e+01 -1.892534783169852741e-01 9.817030315110478744e-01 -2.101909626585657734e-02 1.088985137784458601e+00 -3.641709076929250943e-01 -5.029365271743829746e-02 9.299727082512689869e-01 6.722649125847101459e+01 0.000000000000000000e+00 0.000000000000000000e+00 0.000000000000000000e+00 1.000000000000000000e+00
9.102161873521047442e-01 1.885115507613917274e-01 3.687402280533803589e-01 1.362904603002763793e+01 -1.935255738943697235e-01 9.808083842535156860e-01 -2.371211101783827699e-02 1.376578345573481910e+00 -3.661335639924868102e-01 -4.977753014894717443e-02 9.292295550774337665e-01 6.809578315169115115e+01 0.000000000000000000e+00 0.000000000000000000e+00 0.000000000000000000e+00 1.000000000000000000e+00
9.079434582441713308e-01 1.948630612501829618e-01 3.710343046779306930e-01 1.389700081813222532e+01 -1.991402142930410180e-01 9.795941648199487650e-01 -2.716372852533881915e-02 1.727181100710414530e+00 -3.687563304271765374e-01 -4.922473837110844658e-02 9.282212549356572140e-01 6.899315554182922483e+01 0.000000000000000000e+00 0.000000000000000000e+00 0.000000000000000000e+00 1.000000000000000000e+00
9.061077460906256098e-01 2.017232742774908161e-01 3.718546733886342603e-01 1.404013440390582801e+01 -2.051995688445394650e-01 9.782395426936207894e-01 -3.065919896369278738e-02 2.258169153443262189e+00 -3.699476841267332339e-01 -4.852390002126936303e-02 9.277840405389746747e-01 6.982835827214161384e+01 0.000000000000000000e+00 0.000000000000000000e+00 0.000000000000000000e+00 1.000000000000000000e+00
9.044070187179842346e-01 2.079158894385379208e-01 3.725834234539833201e-01 1.427943281465409520e+01 -2.106731263215315675e-01 9.769717501282738636e-01 -3.380102315246557437e-02 2.732852088116394018e+00 -3.710313054325984350e-01 -4.792344995595427398e-02 9.273824815756730455e-01 7.067535977021576343e+01 0.000000000000000000e+00 0.000000000000000000e+00 0.000000000000000000e+00 1.000000000000000000e+00
9.013989038932965769e-01 2.129497681474940285e-01 3.770038759889943192e-01 1.464250763306288050e+01 -2.152302459514803257e-01 9.758763139109984941e-01 -3.661599808748175477e-02 2.801186636591027845e+00 -3.757066204138085896e-01 -4.813702855261302316e-02 9.254871550074839082e-01 7.160461013776904338e+01 0.000000000000000000e+00 0.000000000000000000e+00 0.000000000000000000e+00 1.000000000000000000e+00
8.989662088801978479e-01 2.174329288649670677e-01 3.802397539682567662e-01 1.503984007163532688e+01 -2.194585768251516578e-01 9.748573094351895563e-01 -3.860800649972361692e-02 2.796481173621010452e+00 -3.790742476057250565e-01 -4.873958794072123096e-02 9.240813620104880721e-01 7.252227229207694847e+01 0.000000000000000000e+00 0.000000000000000000e+00 0.000000000000000000e+00 1.000000000000000000e+00
8.955373959488156510e-01 2.225186575059567018e-01 3.853539429518648141e-01 1.536680669870973936e+01 -2.241447648767173062e-01 9.736782238358222541e-01 -4.134271230989862433e-02 2.978174697618757083e+00 -3.844103765634535042e-01 -4.935114369781336968e-02 9.218416999263080447e-01 7.344967695604323410e+01 0.000000000000000000e+00 0.000000000000000000e+00 0.000000000000000000e+00 1.000000000000000000e+00
8.916762285713866198e-01 2.277959877126399246e-01 3.911800939025041890e-01 1.571534424304350885e+01 -2.290928338571507350e-01 9.724067328154194501e-01 -4.405578652266787382e-02 3.026180473656984837e+00 -3.904220405498704527e-01 -5.033308399325069765e-02 9.192584194869525271e-01 7.438574104821718436e+01 0.000000000000000000e+00 0.000000000000000000e+00 0.000000000000000000e+00 1.000000000000000000e+00
8.891048728850877714e-01 2.317399301281998225e-01 3.947004287613261608e-01 1.616916232821846222e+01 -2.326634282809238452e-01 9.714555999854540547e-01 -4.627026707776841358e-02 3.055786632512785150e+00 -3.941567922997484263e-01 -5.069326579619633233e-02 9.176433581718683730e-01 7.527634278425144032e+01 0.000000000000000000e+00 0.000000000000000000e+00 0.000000000000000000e+00 1.000000000000000000e+00
8.866941248108793916e-01 2.355843663942900901e-01 3.978352239460375417e-01 1.662756545032779698e+01 -2.362922873697332615e-01 9.704930771317543670e-01 -4.804515778007867333e-02 3.059408439954849790e+00 -3.974151978511670236e-01 -5.140406283944394528e-02 9.161973286043265663e-01 7.616507900343493986e+01 0.000000000000000000e+00 0.000000000000000000e+00 0.000000000000000000e+00 1.000000000000000000e+00
8.845870216330991020e-01 2.396442061312076544e-01 4.000945129802165878e-01 1.708995161401217544e+01 -2.399696988542391052e-01 9.694847118553688858e-01 -5.013138400576477860e-02 3.027074184033813786e+00 -3.998993815671948449e-01 -5.166503199787274986e-02 9.151009692493367043e-01 7.705116715309436870e+01 0.000000000000000000e+00 0.000000000000000000e+00 0.000000000000000000e+00 1.000000000000000000e+00
8.820917517867947755e-01 2.428135797559306808e-01 4.036765939291513949e-01 1.751759772063030596e+01 -2.428397620385728262e-01 9.686702519437548897e-01 -5.202002495188320919e-02 2.912977899417597438e+00 -4.036608024261005290e-01 -5.214234584224717445e-02 9.134208847455731473e-01 7.794788301113615603e+01 0.000000000000000000e+00 0.000000000000000000e+00 0.000000000000000000e+00 1.000000000000000000e+00
8.803780983051203712e-01 2.456881832562210211e-01 4.056733762863153903e-01 1.799671488897406135e+01 -2.453021739722197891e-01 9.679482603534773633e-01 -5.387276674370662655e-02 2.829395774509731787e+00 -4.059068812173251550e-01 -5.208420370827795964e-02 9.124283455950267241e-01 7.882164460604406031e+01 0.000000000000000000e+00 0.000000000000000000e+00 0.000000000000000000e+00 1.000000000000000000e+00
8.783239614190165856e-01 2.483690866464016433e-01 4.084838603978967475e-01 1.844470699166154048e+01 -2.476447810295915597e-01 9.672521999539918092e-01 -5.562811625374921437e-02 2.699078227005789365e+00 -4.089233665156653541e-01 -5.229943061207254634e-02 9.110681495873588220e-01 7.970613270840853204e+01 0.000000000000000000e+00 0.000000000000000000e+00 0.000000000000000000e+00 1.000000000000000000e+00
8.755454301713848642e-01 2.515430650119335754e-01 4.124869574107176140e-01 1.889959646978772057e+01 -2.505821518527289182e-01 9.663895527763249893e-01 -5.743812765107161877e-02 2.635671248151874924e+00 -4.130713732625537205e-01 -5.307222874280105585e-02 9.091501908075312333e-01 8.059441973295470518e+01 0.000000000000000000e+00 0.000000000000000000e+00 0.000000000000000000e+00 1.000000000000000000e+00
8.726212312670078575e-01 2.544635740528020662e-01 4.168689208858495365e-01 1.934462265274865800e+01 -2.531869715897428486e-01 9.655903477415909153e-01 -5.942201496594556182e-02 2.558075483052392851e+00 -4.176454668989581509e-01 -5.369291701578744053e-02 9.070215203243566782e-01 8.148656850871326185e+01 0.000000000000000000e+00 0.000000000000000000e+00 0.000000000000000000e+00 1.000000000000000000e+00
8.685970501158744028e-01 2.578907839247447376e-01 4.231203805257713335e-01 1.973813517904971349e+01 -2.564776338862238547e-01 9.645968624505426581e-01 -6.141254361429927117e-02 2.453541751095235313e+00 -4.239784323427674417e-01 -5.517820146072730664e-02 9.039892143748018416e-01 8.239992458392521257e+01 0.000000000000000000e+00 0.000000000000000000e+00 0.000000000000000000e+00 1.000000000000000000e+00
8.649649011134836751e-01 2.614196396478151718e-01 4.283628658581630222e-01 2.016473437764858190e+01 -2.597906921011978176e-01 9.635765928130077818e-01 -6.346942887148090962e-02 2.483898256092752721e+00 -4.293526775319453925e-01 -5.638590711177959153e-02 9.013743247324441654e-01 8.330385519575835929e+01 0.000000000000000000e+00 0.000000000000000000e+00 0.000000000000000000e+00 1.000000000000000000e+00
8.603887066393322014e-01 2.652736032323427251e-01 4.351556650687362637e-01 2.056897484208139559e+01 -2.635187712136638494e-01 9.624163917229332510e-01 -6.566615254366937882e-02 2.449684055401361693e+00 -4.362205006558877440e-01 -5.817332175713609693e-02 8.979567666618856192e-01 8.421786709849318697e+01 0.000000000000000000e+00 0.000000000000000000e+00 0.000000000000000000e+00 1.000000000000000000e+00
8.564294799317486717e-01 2.691919018457841761e-01 4.405263307232689107e-01 2.098633841003828238e+01 -2.671776689559111073e-01 9.612471703134725098e-01 -6.796645011660523705e-02 2.422444652217614625e+00 -4.417507837234703194e-01 -5.949038667980054151e-02 8.951624597129255179e-01 8.512619771618348352e+01 0.000000000000000000e+00 0.000000000000000000e+00 0.000000000000000000e+00 1.000000000000000000e+00
8.523587068193212435e-01 2.734906930439448547e-01 4.457428204265267979e-01 2.138844065787506210e+01 -2.713825378490676843e-01 9.599204110446167837e-01 -7.002677794990601334e-02 2.514293795861117786e+00 -4.470293890951364535e-01 -6.127894182759856256e-02 8.924171210780921237e-01 8.603717316852757335e+01 0.000000000000000000e+00 0.000000000000000000e+00 0.000000000000000000e+00 1.000000000000000000e+00
8.479278788756816621e-01 2.775894264901406228e-01 4.516211715688120965e-01 2.181337764111363597e+01 -2.753234518647532658e-01 9.586290159907461250e-01 -7.229682304408181770e-02 2.490333443797201340e+00 -4.530060729163267741e-01 -6.303946011459221621e-02 8.892751691587784668e-01 8.694207824316718813e+01 0.000000000000000000e+00 0.000000000000000000e+00 0.000000000000000000e+00 1.000000000000000000e+00
8.426386356272289602e-01 2.830377141602579139e-01 4.580928712352982934e-01 2.210685080585945173e+01 -2.807453399900864399e-01 9.568634967080863474e-01 -7.479161443168669265e-02 2.734697586526503521e+00 -4.595012458486957274e-01 -6.558518599401484683e-02 8.857516922729792297e-01 8.786628521292234950e+01 0.000000000000000000e+00 0.000000000000000000e+00 0.000000000000000000e+00 1.000000000000000000e+00
8.386961373495630534e-01 2.896557356524436244e-01 4.611806939150620011e-01 2.217810864172485807e+01 -2.867666118789882201e-01 9.548048747371342682e-01 -7.817892770228915267e-02 3.263871410894153779e+00 -4.629826477514002447e-01 -6.668290911068285032e-02 8.838547840041810488e-01 8.871180063203514976e+01 0.000000000000000000e+00 0.000000000000000000e+00 0.000000000000000000e+00 1.000000000000000000e+00
8.347820889300490155e-01 2.956817282662375090e-01 4.644463964676021628e-01 2.237377724032138460e+01 -2.927454651304421396e-01 9.528028120707440207e-01 -8.041327898776548522e-02 3.674583283851385662e+00 -4.663026578599575589e-01 -6.883706006203488270e-02 8.819422373781550251e-01 8.960232208937958376e+01 0.000000000000000000e+00 0.000000000000000000e+00 0.000000000000000000e+00 1.000000000000000000e+00
