1.000000000000000000e+00 0.000000000000000000e+00 0.000000000000000000e+00 0.000000000000000000e+00 0.000000000000000000e+00 1.000000000000000000e+00 0.000000000000000000e+00 0.000000000000000000e+00 0.000000000000000000e+00 0.000000000000000000e+00 1.000000000000000000e+00 0.000000000000000000e+00 0.000000000000000000e+00 0.000000000000000000e+00 0.000000000000000000e+00 1.000000000000000000e+00
9.999722242355346680e-01 -2.791429287753999233e-04 7.444228511303663254e-03 3.311349137220531702e-04 2.688067615963518620e-04 9.999989867210388184e-01 1.389418379403650761e-03 -1.213786751031875610e-01 -7.444608956575393677e-03 -1.387378666549921036e-03 9.999712705612182617e-01 9.926062226295471191e-01 0.000000000000000000e+00 0.000000000000000000e+00 0.000000000000000000e+00 1.000000000000000000e+00
9.998975623933258339e-01 -3.919901493131318923e-04 1.430670001605364484e-02 -5.462233326720411508e-04 3.549271719269907633e-04 9.999966342939573538e-01 2.593023937530998003e-03 -2.200860574278396542e-01 -1.430766711840025449e-02 -2.587680347364415632e-03 9.998943107506186312e-01 1.987722235567090934e+00 0.000000000000000000e+00 0.000000000000000000e+00 0.000000000000000000e+00 1.000000000000000000e+00
6.725778663202820473e-01 -2.278167140230185628e-01 -7.040870181657610249e-01 -4.391231248673497589e+02 -1.353525692402688940e-01 8.975150189659218958e-01 -4.196982142877663247e-01 -1.861881478052555394e+02 7.275429235698464003e-01 3.775797066130799906e-01 5.728131437186361197e-01 7.527526923788270778e+02 0.000000000000000000e+00 0.000000000000000000e+00 0.000000000000000000e+00 1.000000000000000000e+00
-2.886221343376362339e-02 -6.435972152563713689e-01 -7.648199577362569945e-01 -1.141307792281795855e+03 -5.303293411841901728e-01 6.584319257262458702e-01 -5.340583370843033917e-01 -5.623836342135803079e+02 8.473003145381245993e-01 3.901923481934870819e-01 -3.603222814290754084e-01 7.777881807053979628e+02 0.000000000000000000e+00 0.000000000000000000e+00 0.000000000000000000e+00 1.000000000000000000e+00
-5.005544978545942714e-01 -8.567165391855110501e-01 -1.244264311361450714e-01 -1.577437810058873765e+03 -8.318673246019776535e-01 5.157866219868768587e-01 -2.048439239630891751e-01 -8.453284502516173688e+02 2.396706596537281353e-01 9.707341859913019020e-04 -9.708537843958241487e-01 5.368942622712222601e+01 0.000000000000000000e+00 0.000000000000000000e+00 0.000000000000000000e+00 1.000000000000000000e+00
-3.242421123445145548e-01 -7.119557757188150759e-01 6.228852194463514458e-01 -1.318544411689061690e+03 -7.790366111330802035e-01 5.744930404493515663e-01 2.511171506194404546e-01 -7.350229966303293168e+02 -5.366275160100549835e-01 -4.038276254003330124e-01 -7.409144323900113127e-01 -6.787283504333853443e+02 0.000000000000000000e+00 0.000000000000000000e+00 0.000000000000000000e+00 1.000000000000000000e+00
3.505651644790406807e-01 -2.562638197356619796e-01 9.007956986742405858e-01 -5.508553212022444541e+02 -4.468436032288148341e-01 7.995284963518826116e-01 4.013540782407325480e-01 -2.912298673632277541e+02 -8.230643384531065587e-01 -5.432155405693208650e-01 1.657769867929100027e-01 -9.204942226740586193e+02 0.000000000000000000e+00 0.000000000000000000e+00 0.000000000000000000e+00 1.000000000000000000e+00
9.069781366331328698e-01 1.347459569467477636e-01 3.990415484103596588e-01 -2.027211532937610627e+01 -1.847126765456179875e-01 9.787232859988092004e-01 8.934245862258360926e-02 3.970102683232101981e+01 -3.785127100706351388e-01 -1.547396849951272746e-01 9.125698857084852955e-01 -3.566898163863041873e+02 0.000000000000000000e+00 0.000000000000000000e+00 0.000000000000000000e+00 1.000000000000000000e+00
8.642957075288553170e-01 4.666026027525797121e-02 -5.008150563431399416e-01 -1.612323497607883667e+02 -2.194831340572452605e-01 9.308779382778806788e-01 -2.920505713701184725e-01 4.438948779792617927e+00 4.525705206232916167e-01 3.623385042525006372e-01 8.147949253022070959e-01 5.504590195538659145e+02 0.000000000000000000e+00 0.000000000000000000e+00 0.000000000000000000e+00 1.000000000000000000e+00
1.847577060064635457e-01 -4.087705258851279111e-01 -8.937400169179888776e-01 -8.063644540853086937e+02 -5.552265149794177734e-01 7.069493509631338268e-01 -4.381167088599740578e-01 -2.411844046562879669e+02 8.109181018686595355e-01 5.771735780190819787e-01 -9.634589248009864382e-02 8.307074770434110178e+02 0.000000000000000000e+00 0.000000000000000000e+00 0.000000000000000000e+00 1.000000000000000000e+00
1.909833959442093776e-01 -4.071907790104010716e-01 -8.931522644186209448e-01 -8.071421427620413169e+02 -5.522813661800273222e-01 7.076431984616379234e-01 -4.407113693339246296e-01 -2.417937688463917993e+02 8.114867640425219575e-01 5.774398571599779206e-01 -8.973577531582781208e-02 8.305529594673552083e+02 0.000000000000000000e+00 0.000000000000000000e+00 0.000000000000000000e+00 1.000000000000000000e+00
1.968475275992245532e-01 -4.056311139602702398e-01 -8.925885524231536028e-01 -8.079260120440081892e+02 -5.494641523610499512e-01 7.083545731232964160e-01 -4.430835283782902922e-01 -2.423986770046045365e+02 8.119976833508039116e-01 5.776653209062314609e-01 -8.344190558198996688e-02 8.304128345721860569e+02 0.000000000000000000e+00 0.000000000000000000e+00 0.000000000000000000e+00 1.000000000000000000e+00
-4.737380073052331886e-01 -7.666754119604297646e-01 -4.333370360137825394e-01 -1.344709704966714071e+03 -7.935514272398753732e-01 5.850034240077891523e-01 -1.674729689812939626e-01 -4.133051113236256242e+02 3.819010816754784265e-01 2.645369155268650352e-01 -8.855347517125216061e-01 4.052380263275987318e+02 0.000000000000000000e+00 0.000000000000000000e+00 0.000000000000000000e+00 1.000000000000000000e+00
-4.706421441387771964e-01 -7.657955808769992823e-01 -4.382385180062529639e-01 -1.345039844741242177e+03 -7.920844710995942339e-01 5.855251428396602842e-01 -1.725181287264590246e-01 -4.136030790587296337e+02 3.887132823613762000e-01 2.659276746935577140e-01 -8.821476011541983242e-01 4.043423573263195294e+02 0.000000000000000000e+00 0.000000000000000000e+00 0.000000000000000000e+00 1.000000000000000000e+00
-4.682123389897537291e-01 -7.650489090561066741e-01 -4.421281798993402790e-01 -1.345396689221340011e+03 -7.908364810675003742e-01 5.860149611538714165e-01 -1.765338411900658766e-01 -4.138631983181171563e+02 3.941507220501390685e-01 2.669957976362588581e-01 -8.794080425118916411e-01 4.034451395037929728e+02 0.000000000000000000e+00 0.000000000000000000e+00 0.000000000000000000e+00 1.000000000000000000e+00
-5.639307226154002262e-01 -7.133401595385484573e-01 4.160864236805728034e-01 -1.327568628478728897e+03 -7.371526614508190356e-01 6.619469419539393273e-01 1.357655012236980707e-01 -3.333015728820340655e+02 -3.722741567862585810e-01 -2.301568542896857417e-01 -8.991328197186562177e-01 -2.168733775162677944e+02 0.000000000000000000e+00 0.000000000000000000e+00 0.000000000000000000e+00 1.000000000000000000e+00
8.160201014469475878e-02 -1.555207589381627786e-01 9.844563781960791182e-01 -7.842679862600664364e+02 -5.333028183622394724e-01 8.276351074076857550e-01 1.749522920166543538e-01 -9.287402054180236632e+01 -8.419794066306568459e-01 -5.392897926611566195e-01 -1.540296153468047845e-02 -5.740448373862991502e+02 0.000000000000000000e+00 0.000000000000000000e+00 0.000000000000000000e+00 1.000000000000000000e+00
7.895681613972096446e-01 3.532895597334033688e-01 5.017654437907279608e-01 -1.576038360985634199e+02 -4.207771752487531325e-01 9.068566456056609271e-01 2.361492492574657556e-02 9.282357433764738630e+01 -4.466864425870651911e-01 -2.297770034433926356e-01 8.646813306531790921e-01 -1.689781215896587128e+02 0.000000000000000000e+00 0.000000000000000000e+00 0.000000000000000000e+00 1.000000000000000000e+00
7.984410263470941294e-01 3.447063450613286895e-01 -4.936288263579806102e-01 -2.020700118700622738e+02 -4.854567459192444256e-01 8.535468165493124149e-01 -1.891815301998393817e-01 1.267003522638971731e+02 3.561232255355000764e-01 3.906857802584618455e-01 8.488468190555308324e-01 6.493114768348693815e+02 0.000000000000000000e+00 0.000000000000000000e+00 0.000000000000000000e+00 1.000000000000000000e+00
1.070283457033324725e-01 -1.764410547682488950e-01 -9.784750597228190072e-01 -1.036394246872638632e+03 -6.487993859207142888e-01 7.333267367963417493e-01 -2.032026709894659555e-01 3.970664011031588814e+01 7.533951992499162698e-01 6.565825024067301063e-01 -3.598811141419095555e-02 1.069016456859115351e+03 0.000000000000000000e+00 0.000000000000000000e+00 0.000000000000000000e+00 1.000000000000000000e+00
1.159707516862376608e-01 -1.748215931466386985e-01 -9.777465826991904585e-01 -1.037336708712821064e+03 -6.471764965908639589e-01 7.334436759598292888e-01 -2.079017643937579873e-01 3.939207396687581308e+01 7.534676617542174215e-01 6.568850896671132311e-01 -2.808242361544882257e-02 1.068903259462460028e+03 0.000000000000000000e+00 0.000000000000000000e+00 0.000000000000000000e+00 1.000000000000000000e+00
1.222704285213203762e-01 -1.736303798197899317e-01 -9.771912286875110709e-01 -1.038220733934193049e+03 -6.471105177251559315e-01 7.325775295871165271e-01 -2.111358608241543366e-01 3.894005104354793900e+01 7.525278159764641206e-01 6.581663060510027918e-01 -2.278548957563041044e-02 1.068784201968193656e+03 0.000000000000000000e+00 0.000000000000000000e+00 0.000000000000000000e+00 1.000000000000000000e+00
1.269993875212540591e-01 -1.731953466789916685e-01 -9.766651555615376568e-01 -1.039122684830546405e+03 -6.472240696172276708e-01 7.316716809703454061e-01 -2.139106844903499449e-01 3.852700806310019743e+01 7.516464460215126486e-01 6.592876134673678612e-01 -1.917435541585467418e-02 1.068658185216050242e+03 0.000000000000000000e+00 0.000000000000000000e+00 0.000000000000000000e+00 1.000000000000000000e+00
1.347456010363371204e-01 -1.717994886847407920e-01 -9.758735300093941412e-01 -1.040065209443358299e+03 -6.452744402938229706e-01 7.321875809889883957e-01 -2.179967946816158686e-01 3.820619291308073429e+01 7.519739865859607075e-01 6.590801375859700606e-01 -1.219877947745245765e-02 1.068564776044891460e+03 0.000000000000000000e+00 0.000000000000000000e+00 0.000000000000000000e+00 1.000000000000000000e+00
-5.917201855578615444e-01 -6.348966690883895980e-01 -4.967635548908713727e-01 -1.677830436960857014e+03 -7.240109070864546581e-01 6.895309030210997614e-01 -1.886000374409528557e-02 3.034985363685930793e+01 3.545078558296040350e-01 3.485022579875852733e-01 -8.676812034472768387e-01 6.703271062499618438e+02 0.000000000000000000e+00 0.000000000000000000e+00 0.000000000000000000e+00 1.000000000000000000e+00
-6.635073507028169670e-01 -6.077523749934139463e-01 4.363434818318840946e-01 -1.661221497970549763e+03 -6.110701857372921042e-01 7.767202086218694124e-01 1.526410991963261798e-01 2.216881272310285738e+02 -4.316846646729791681e-01 -1.653579676092140904e-01 -8.867386352908004366e-01 -2.433252923456451526e+02 0.000000000000000000e+00 0.000000000000000000e+00 0.000000000000000000e+00 1.000000000000000000e+00
-6.671302819217864721e-01 -6.086251100105000145e-01 4.295500848100038405e-01 -1.660721825734380218e+03 -6.122908234471706734e-01 7.764322306163562448e-01 1.491754889977077447e-01 2.216738422119070719e+02 -4.243083373381885126e-01 -1.634900558841770046e-01 -8.906367304091431514e-01 -2.441913893004502825e+02 0.000000000000000000e+00 0.000000000000000000e+00 0.000000000000000000e+00 1.000000000000000000e+00
-9.638013998242758729e-02 -2.925851733669060928e-01 9.513702738132204795e-01 -8.834586543335683473e+02 -4.082830220252332554e-01 8.833280233804883252e-01 2.302975570254112148e-01 4.765175194703408010e+02 -9.077533723507666963e-01 -3.662321188032848229e-01 -2.045927643008546848e-01 -7.111258791329048563e+02 0.000000000000000000e+00 0.000000000000000000e+00 0.000000000000000000e+00 1.000000000000000000e+00
-1.034188265628472186e-01 -2.935910283490546502e-01 9.503207130926524249e-01 -8.830059922220647195e+02 -4.105181905066231374e-01 8.828679839584591127e-01 2.280774753133109622e-01 4.765385353320181139e+02 -9.059689454701592704e-01 -3.665363300247030387e-01 -2.118295489729181136e-01 -7.112074436318237076e+02 0.000000000000000000e+00 0.000000000000000000e+00 0.000000000000000000e+00 1.000000000000000000e+00
7.012053173057702926e-01 3.906824123843908453e-02 7.118886000325248542e-01 -5.186595568997313421e+01 -1.928091442700020364e-01 9.716831960279774805e-01 1.365898862424469451e-01 6.703388302545668012e+02 -6.863936348896712003e-01 -2.330361193299957945e-01 6.888819305751318067e-01 -3.835173527289722415e+02 0.000000000000000000e+00 0.000000000000000000e+00 0.000000000000000000e+00 1.000000000000000000e+00
6.955931490415128149e-01 3.895756590879000808e-02 7.173792877071755170e-01 -5.112166041398430139e+01 -1.944079728254918260e-01 9.714826805129638254e-01 1.357471369383388138e-01 6.702830107422747687e+02 -6.916329849487754533e-01 -2.338889666102080822e-01 6.833301501206803241e-01 -3.828518385527058854e+02 0.000000000000000000e+00 0.000000000000000000e+00 0.000000000000000000e+00 1.000000000000000000e+00
9.625902536233387208e-01 1.980137037618563689e-01 -1.849625370666948543e-01 1.582501639301095224e+02 -2.453391096864105669e-01 9.266785830519758127e-01 -2.847382457500013953e-01 6.763242688752145568e+02 1.150187004962929666e-01 3.194647070623460317e-01 9.405920093817556893e-01 4.639982568358921071e+02 0.000000000000000000e+00 0.000000000000000000e+00 0.000000000000000000e+00 1.000000000000000000e+00
5.068099444280060872e-01 -1.675521565090931919e-01 -8.456184236665578169e-01 -4.656475444342181049e+02 -5.917638549426553762e-01 6.456860069526689783e-01 -4.826028015155449102e-01 3.937509243549591815e+02 6.268649362288535309e-01 7.449941027700187623e-01 2.280887265951249965e-01 1.067587218496149035e+03 0.000000000000000000e+00 0.000000000000000000e+00 0.000000000000000000e+00 1.000000000000000000e+00
5.130984370056439481e-01 -1.662942628418780378e-01 -8.420669791304692398e-01 -4.664104926250620338e+02 -5.883494506354952636e-01 6.461758281526699399e-01 -4.861091397341808507e-01 3.931148781606563603e+02 6.249602725760647903e-01 7.448512800585844751e-01 2.337126124839938868e-01 1.067702785366395801e+03 0.000000000000000000e+00 0.000000000000000000e+00 0.000000000000000000e+00 1.000000000000000000e+00
-2.205626313733726473e-01 -6.052027990883005470e-01 -7.649067151431032663e-01 -1.305834881968748050e+03 -8.359145243432344330e-01 5.213826650113174699e-01 -1.714858516108654363e-01 1.713651681660101076e+02 5.025926554301805016e-01 6.015731109409865329e-01 -6.208951375536596595e-01 8.165689581289136640e+02 0.000000000000000000e+00 0.000000000000000000e+00 0.000000000000000000e+00 1.000000000000000000e+00
-6.081975918386507418e-01 -7.929672030665181337e-01 3.604565710598109374e-02 -1.559227689140035864e+03 -7.459951103451374355e-01 5.865091514984240861e-01 3.154341186915711193e-01 2.784879730616258939e+02 -2.712699363524408436e-01 1.649563742227491414e-01 -9.482628186172764595e-01 2.468202540067867403e+02 0.000000000000000000e+00 0.000000000000000000e+00 0.000000000000000000e+00 1.000000000000000000e+00
-1.942217497983584340e-01 -5.148777030272214672e-01 8.349727229582704080e-01 -1.215344581307274666e+03 -3.553625120819536853e-01 8.302956403230761229e-01 4.293332124961676821e-01 6.307183046475906849e+02 -9.143280376093942952e-01 -2.133320586461570079e-01 -3.442296171634584012e-01 -2.234501679453625798e+02 0.000000000000000000e+00 0.000000000000000000e+00 0.000000000000000000e+00 1.000000000000000000e+00
6.243934308652807630e-01 2.888401251671735698e-02 7.805761606447447765e-01 -6.506434561345762404e+02 -1.132875259549442626e-01 9.920988469026736922e-01 5.390906345296867658e-02 8.575537980822981581e+02 -7.728513873150798519e-01 -1.220899487703671071e-01 6.227319924909593407e-01 -8.650546571344062841e+01 0.000000000000000000e+00 0.000000000000000000e+00 0.000000000000000000e+00 1.000000000000000000e+00
6.217196362814738642e-01 2.939439334131215345e-02 7.826885541150879755e-01 -6.503185087914171163e+02 -1.140308957627438335e-01 9.920454634856480380e-01 5.332212020171832323e-02 8.575147350360663268e+02 -7.748949677972055694e-01 -1.224020181746760944e-01 6.201257925770994328e-01 -8.629949082978095021e+01 0.000000000000000000e+00 0.000000000000000000e+00 0.000000000000000000e+00 1.000000000000000000e+00
6.190585401246301300e-01 2.998231369441353711e-02 7.847727363564614977e-01 -6.494795769176738531e+02 -1.147725832905076293e-01 9.919964579947950778e-01 5.263757185050742249e-02 8.574036093374805887e+02 -7.769133559404658440e-01 -1.226560634630792096e-01 6.175447916205890619e-01 -8.576671977034047245e+01 0.000000000000000000e+00 0.000000000000000000e+00 0.000000000000000000e+00 1.000000000000000000e+00
9.666242858231325341e-01 2.529081578961919208e-01 -4.093429724071071668e-02 -4.112982280787510945e+02 -2.491434214890634324e-01 8.906867060749845688e-01 -3.802698774156721973e-01 7.816118276003375058e+02 -5.971375103935588902e-02 3.777765022131633899e-01 9.239694932805142535e-01 5.754710202912222030e+02 0.000000000000000000e+00 0.000000000000000000e+00 0.000000000000000000e+00 1.000000000000000000e+00
5.016738802799125541e-01 -3.917572914190864397e-02 -8.641696841796828732e-01 -7.852978042150011788e+02 -6.345608886669270587e-01 6.622749321276255596e-01 -3.984028430738191795e-01 5.350804129138987264e+02 5.879254069380692727e-01 7.482363606153467073e-01 3.073865753907594756e-01 1.044726552053549312e+03 0.000000000000000000e+00 0.000000000000000000e+00 0.000000000000000000e+00 1.000000000000000000e+00
-3.080980993069915019e-01 -5.468666859853387185e-01 -7.784684013670363223e-01 -1.747641355154930579e+03 -8.304266868415282055e-01 5.538436833048649977e-01 -6.040798593245839954e-02 3.839969082303965706e+02 4.641847584470801813e-01 6.278491859920579676e-01 -6.247706394151284481e-01 8.477836636921206264e+02 0.000000000000000000e+00 0.000000000000000000e+00 0.000000000000000000e+00 1.000000000000000000e+00
-6.893541689148596774e-01 -7.187192686999464009e-01 9.074197244513920735e-02 -2.131736761023386862e+03 -6.638429752542650553e-01 6.768749934469139307e-01 3.180458771490661807e-01 6.394139476342982107e+02 -2.900065671671292478e-01 1.590078312095664081e-01 -9.437230222976549232e-01 -5.190460867118770238e+01 0.000000000000000000e+00 0.000000000000000000e+00 0.000000000000000000e+00 1.000000000000000000e+00
-2.507423018127992176e-01 -3.840588753311688364e-01 8.886100051907439568e-01 -1.706504669539858469e+03 -3.504819479383981529e-01 8.916769110458526715e-01 2.864875616789425150e-01 9.781332715176315560e+02 -9.023808201147524022e-01 -2.396070921783366170e-01 -3.581867377046804579e-01 -5.509286544913190937e+02 0.000000000000000000e+00 0.000000000000000000e+00 0.000000000000000000e+00 1.000000000000000000e+00
-2.562143167074426020e-01 -3.855047346172944533e-01 8.864202739750930427e-01 -1.705584132797683196e+03 -3.535886804788097026e-01 8.908531689634076045e-01 2.852298741025995343e-01 9.781461712337572862e+02 -8.996275227265121410e-01 -2.403480883022577341e-01 -3.645593492384174850e-01 -5.513190982528504946e+02 0.000000000000000000e+00 0.000000000000000000e+00 0.000000000000000000e+00 1.000000000000000000e+00
-2.623922669729468748e-01 -3.871029098884593012e-01 8.839130142414208802e-01 -1.704656266720569420e+03 -3.567297478979300496e-01 8.900299909804828546e-01 2.838853770662789766e-01 9.781672469314578393e+02 -8.966016754880407058e-01 -2.408286339628537831e-01 -3.716280170674822192e-01 -5.516914166937275468e+02 0.000000000000000000e+00 0.000000000000000000e+00 0.000000000000000000e+00 1.000000000000000000e+00
5.390850367309000246e-01 1.240278449151344525e-01 8.330696238701903455e-01 -9.727076569899491005e+02 -1.673545791339417776e-01 9.851499011461418709e-01 -3.837345836317643255e-02 1.154729515032170184e+03 -8.254576037617327167e-01 -1.187314039952132860e-01 5.518360051601820526e-01 -4.031852062419536651e+02 0.000000000000000000e+00 0.000000000000000000e+00 0.000000000000000000e+00 1.000000000000000000e+00
9.521985780183999104e-01 2.959060374149916073e-01 7.588192405154041420e-02 -6.350999239006822563e+02 -2.430766473797560390e-01 8.843825391885214993e-01 -3.984741811826502111e-01 1.022948399856087235e+03 -1.850195421112174887e-01 3.609813268480722703e-01 9.140353544572801248e-01 3.639803353997871227e+02 0.000000000000000000e+00 0.000000000000000000e+00 0.000000000000000000e+00 1.000000000000000000e+00
6.973719210704881766e-01 2.510589139959451543e-02 -7.162695707060915407e-01 -1.077061040095773706e+03 -5.401280600597957449e-01 6.753144120169999320e-01 -5.022072516981165302e-01 6.579634325916899797e+02 4.710988032658314228e-01 7.371025295975895952e-01 4.845057052526172692e-01 1.082924534252120793e+03 0.000000000000000000e+00 0.000000000000000000e+00 0.000000000000000000e+00 1.000000000000000000e+00
-2.262326549932325293e-02 -4.617540117141009093e-01 -8.867194711542547569e-01 -1.936033554969840907e+03 -8.240875131590991165e-01 5.107627367963079035e-01 -2.449514183580032700e-01 3.983199137283798450e+02 5.660105639591890281e-01 7.251928428813123606e-01 -3.920808362064146513e-01 1.093137441394355392e+03 0.000000000000000000e+00 0.000000000000000000e+00 0.000000000000000000e+00 1.000000000000000000e+00
-5.336170591893798498e-01 -7.948251960191704546e-01 -2.889736007236050064e-01 -2.518006482570958269e+03 -8.321882593741226630e-01 5.543648992667349340e-01 1.192725537795590041e-02 4.942691892261498197e+02 1.507167379621324743e-01 2.468450247302350631e-01 -9.572627636464210443e-01 3.874195087046584831e+02 0.000000000000000000e+00 0.000000000000000000e+00 0.000000000000000000e+00 1.000000000000000000e+00
-4.396821857655680565e-01 -6.353786066322704151e-01 6.348020177617956783e-01 -2.376588664937020894e+03 -7.359494168439546513e-01 6.600122140561169859e-01 1.508719097240622808e-01 7.210313492675063571e+02 -5.148378690106776290e-01 -4.008464837450580465e-01 -7.578021279343093441e-01 -2.832315960633854957e+02 0.000000000000000000e+00 0.000000000000000000e+00 0.000000000000000000e+00 1.000000000000000000e+00
8.862784181661587102e-02 -6.149428857294825246e-02 9.941647540160715169e-01 -1.698501982371177064e+03 -5.479269533342129295e-01 8.305013624582212595e-01 1.002174673643547731e-01 9.955925209378635827e+02 -8.318179845764434033e-01 -5.536117226251131562e-01 3.991116519520077066e-02 -5.038654407115270715e+02 0.000000000000000000e+00 0.000000000000000000e+00 0.000000000000000000e+00 1.000000000000000000e+00
7.410356249191141220e-01 4.527411344366730761e-01 4.958746492710957576e-01 -9.097713718269784522e+02 -4.843681128824829374e-01 8.718800137143283280e-01 -7.219953537360879192e-02 1.178893286591857532e+03 -4.650308955579190440e-01 -1.866834402792518222e-01 8.653875197286489129e-01 5.927291418093204811e+01 0.000000000000000000e+00 0.000000000000000000e+00 0.000000000000000000e+00 1.000000000000000000e+00
8.329455952213279391e-01 3.953075778697149323e-01 -3.872125440635507121e-01 -9.608407319293171440e+02 -4.947801630962853636e-01 8.453876916813429787e-01 -2.012765285871752075e-01 1.179520351004447321e+03 2.477785818181247879e-01 3.592374836128184312e-01 8.997523018918757165e-01 9.749874003753476472e+02 0.000000000000000000e+00 0.000000000000000000e+00 0.000000000000000000e+00 1.000000000000000000e+00
3.404000885478172256e-01 -1.187187694283434736e-01 -9.327559345842070249e-01 -1.639552093695736403e+03 -6.212820769104155927e-01 7.162093067327663931e-01 -3.178880461093971377e-01 1.100609423392160352e+03 7.057877589095168380e-01 6.877136633329234972e-01 1.700398677919145451e-01 1.426617073840957346e+03 0.000000000000000000e+00 0.000000000000000000e+00 0.000000000000000000e+00 1.000000000000000000e+00
3.433604539059780247e-01 -1.196927528358531223e-01 -9.315456207894793339e-01 -1.640508595415744139e+03 -6.260342651374581902e-01 7.102070721324056368e-01 -3.220046794177358063e-01 1.100824348844772203e+03 7.001319144041954212e-01 6.937431510376816934e-01 1.689252580907457668e-01 1.426814333932597719e+03 0.000000000000000000e+00 0.000000000000000000e+00 0.000000000000000000e+00 1.000000000000000000e+00
3.481251611032025739e-01 -1.202654401766315440e-01 -9.297016167061291636e-01 -1.641480022372539452e+03 -6.304202446790417858e-01 7.039605870489282768e-01 -3.271235347396229121e-01 1.101040420649305361e+03 6.938149517743807948e-01 6.999826539142590676e-01 1.692486245541284795e-01 1.426912530137545446e+03 0.000000000000000000e+00 0.000000000000000000e+00 0.000000000000000000e+00 1.000000000000000000e+00
3.534378118293767246e-01 -1.207884299185573163e-01 -9.276269246474480035e-01 -1.642445230909682323e+03 -6.345363183879990654e-01 6.976629821449793489e-01 -3.326107968466964215e-01 1.101269298620440622e+03 6.873465201435754457e-01 7.061703321123868893e-01 1.699358278880225004e-01 1.427038971465182613e+03 0.000000000000000000e+00 0.000000000000000000e+00 0.000000000000000000e+00 1.000000000000000000e+00
3.567220401852291278e-01 -1.209751288332767682e-01 -9.263446465813141018e-01 -1.643368060809414601e+03 -6.385559779939838920e-01 6.922070916694165188e-01 -3.362969003882055885e-01 1.101469051156285332e+03 6.819058945442797448e-01 7.114874281716719873e-01 1.696761342659169891e-01 1.427368340356514409e+03 0.000000000000000000e+00 0.000000000000000000e+00 0.000000000000000000e+00 1.000000000000000000e+00
3.594144523955609127e-01 -1.208523399506921114e-01 -9.253193845033408360e-01 -1.644332331651925870e+03 -6.432096770718321865e-01 6.863222642393352890e-01 -3.394746837844343501e-01 1.101540679607876427e+03 6.760936050062510416e-01 7.171864900692389577e-01 1.689407462154021711e-01 1.427623391604485050e+03 0.000000000000000000e+00 0.000000000000000000e+00 0.000000000000000000e+00 1.000000000000000000e+00
3.622145591260823583e-01 -1.208998701564145128e-01 -9.242205533134454365e-01 -1.645253168413197272e+03 -6.476185341687802355e-01 6.804851545750643105e-01 -3.428266059846988845e-01 1.101730078622134215e+03 6.703661159518929935e-01 7.227192614162279982e-01 1.681846287770134840e-01 1.427964254679088299e+03 0.000000000000000000e+00 0.000000000000000000e+00 0.000000000000000000e+00 1.000000000000000000e+00
3.633318544012887341e-01 -1.220109377734048262e-01 -9.236359102162362555e-01 -1.646157394079405549e+03 -6.512238509541592446e-01 6.757096477975449433e-01 -3.454330149562325758e-01 1.101580986269494815e+03 6.662563016780823633e-01 7.270005522260434283e-01 1.660504066157986736e-01 1.428364438633837381e+03 0.000000000000000000e+00 0.000000000000000000e+00 0.000000000000000000e+00 1.000000000000000000e+00
3.663533212627206881e-01 -1.225387436588335488e-01 -9.223716593021977772e-01 -1.647118062787975305e+03 -6.552938680491450230e-01 6.697838132489070118e-01 -3.492557138972330333e-01 1.101534994183633899e+03 6.605869290782747649e-01 7.323755393140508607e-01 1.650786417832612318e-01 1.428638300694411328e+03 0.000000000000000000e+00 0.000000000000000000e+00 0.000000000000000000e+00 1.000000000000000000e+00
3.684631621131864154e-01 -1.231822972222498813e-01 -9.214450715135442671e-01 -1.648036163549039884e+03 -6.593819027339669070e-01 6.640758875446176601e-01 -3.524467646734207316e-01 1.101581242451407888e+03 6.553246558099923291e-01 7.374478539075678407e-01 1.634633238822624235e-01 1.429031940282956612e+03 0.000000000000000000e+00 0.000000000000000000e+00 0.000000000000000000e+00 1.000000000000000000e+00
3.686960477802576075e-01 -1.246336400982819836e-01 -9.211567076817440691e-01 -1.648892837386110159e+03 -6.626983177330769692e-01 6.596666101192962817e-01 -3.545009212505185747e-01 1.101508825309595977e+03 6.518390629787141899e-01 7.411520891487579643e-01 1.606219683775033102e-01 1.429542690466629438e+03 0.000000000000000000e+00 0.000000000000000000e+00 0.000000000000000000e+00 1.000000000000000000e+00
3.696356094686036875e-01 -1.251721089920354579e-01 -9.207070431702255586e-01 -1.649759247050957356e+03 -6.662793399704839414e-01 6.549477748126559806e-01 -3.565322613683740705e-01 1.101508265385592040e+03 6.476429242578582990e-01 7.452351007557522777e-01 1.586924297510550752e-01 1.430042023825060824e+03 0.000000000000000000e+00 0.000000000000000000e+00 0.000000000000000000e+00 1.000000000000000000e+00
3.702447330525919789e-01 -1.256008371008748847e-01 -9.204038610123137509e-01 -1.650672385796968683e+03 -6.700414140207866520e-01 6.501523606279254741e-01 -3.582546740336558511e-01 1.101408380494414359e+03 6.433998299221410644e-01 7.493506106553164958e-01 1.565577247109340431e-01 1.430437245851838952e+03 0.000000000000000000e+00 0.000000000000000000e+00 0.000000000000000000e+00 1.000000000000000000e+00
-3.336776250607855210e-01 -7.041701492121623662e-01 -6.267404913457520488e-01 -2.697016536873432415e+03 -8.603897308390664467e-01 4.991682969175617601e-01 -1.027644024898676789e-01 9.914370474972768079e+02 3.852126083093238007e-01 5.049509008913062313e-01 -7.724220569666467862e-01 1.034038844475134738e+03 0.000000000000000000e+00 0.000000000000000000e+00 0.000000000000000000e+00 1.000000000000000000e+00
-5.167127995256657336e-01 -8.182525496480651528e-01 2.519338163105341311e-01 -2.936905211328684800e+03 -7.176318283607762138e-01 5.744116950396751520e-01 3.937712070799700426e-01 1.274255243061974852e+03 -4.669180246359297959e-01 2.267089755805543061e-02 -8.840099482890413363e-01 -6.477657765886146990e+01 0.000000000000000000e+00 0.000000000000000000e+00 0.000000000000000000e+00 1.000000000000000000e+00
-1.313632552693416722e-02 -4.029735463134918039e-01 9.151173465316775335e-01 -2.327042588679593791e+03 -3.650683825506716440e-01 8.539516617917743968e-01 3.707986453385494485e-01 1.814586540525192277e+03 -9.308880238855190559e-01 -3.292094778322686155e-01 -1.583306877769377619e-01 -5.452997302732852631e+02 0.000000000000000000e+00 0.000000000000000000e+00 0.000000000000000000e+00 1.000000000000000000e+00
-4.625550997788926422e-01 -2.355702312550531641e-01 -8.547218528942497340e-01 -2.793494928541298123e+03 7.404988760706080475e-01 -6.327986467439966622e-01 -2.263344587488450577e-01 1.621360011559386294e+03 -4.875491710655499578e-01 -7.376127295711532028e-01 4.671437326646776800e-01 8.960929045190425768e+02 0.000000000000000000e+00 0.000000000000000000e+00 0.000000000000000000e+00 1.000000000000000000e+00
-3.004322231944090982e-01 -9.415314127756785334e-02 -9.491447019575206534e-01 -2.790526940665935399e+03 8.832040057979195780e-01 -4.031865441804893813e-01 -2.395648027868497731e-01 1.623004288080446486e+03 -3.601265935875505031e-01 -9.102613891511384114e-01 2.042866613650206331e-01 8.972078720713317352e+02 0.000000000000000000e+00 0.000000000000000000e+00 0.000000000000000000e+00 1.000000000000000000e+00
-4.771935765840015775e-01 -2.581810523246385602e-01 -8.400171633291257933e-01 -2.990996272055565441e+03 -8.765637450997922908e-01 2.079584578350264779e-01 4.340383400017835958e-01 1.573735465584413760e+03 6.262819846997874640e-02 9.434488984759163976e-01 -3.255485904146801501e-01 8.919331036456302400e+02 0.000000000000000000e+00 0.000000000000000000e+00 0.000000000000000000e+00 1.000000000000000000e+00
-4.742199145929860693e-01 -2.630870794638619503e-01 -8.401789459529419579e-01 -2.991784919281090424e+03 -8.785016298504697563e-01 2.041429195706362387e-01 4.319265617431333748e-01 1.574342920085055084e+03 5.788228531674488586e-02 9.429267506059801907e-01 -3.279310659851527587e-01 8.920281542861414437e+02 0.000000000000000000e+00 0.000000000000000000e+00 0.000000000000000000e+00 1.000000000000000000e+00
-4.685099596930146770e-01 -2.669445143558726863e-01 -8.421633119079441343e-01 -2.992619035528121458e+03 -8.817783786884503261e-01 2.000520963164499899e-01 4.271370384747289473e-01 1.574859200016004479e+03 5.445464668894633986e-02 9.427193564442714058e-01 -3.291123006502202353e-01 8.918339765025388033e+02 0.000000000000000000e+00 0.000000000000000000e+00 0.000000000000000000e+00 1.000000000000000000e+00
-6.515325987688876941e-01 -7.256619836828441805e-01 -2.211785662738118829e-01 -3.561518497270374155e+03 -5.248241692174724360e-01 2.206327529840896307e-01 8.221196869774202165e-01 2.293071107620732619e+03 -5.477817668986886268e-01 6.517176334488280487e-01 -5.245943786443098000e-01 3.871402812281801289e+02 0.000000000000000000e+00 0.000000000000000000e+00 0.000000000000000000e+00 1.000000000000000000e+00
-4.857653277292047767e-01 -5.160114754017283145e-01 7.055240631118613326e-01 -3.264004520756710008e+03 1.706142361653253670e-01 7.356535446808338818e-01 6.555186073760582710e-01 3.199210825403644321e+03 -8.572764016312712787e-01 4.388006602687099522e-01 -2.693160814988281304e-01 8.811627828232583681e+01 0.000000000000000000e+00 0.000000000000000000e+00 0.000000000000000000e+00 1.000000000000000000e+00
1.900620783477946496e-01 -4.899461600361934566e-02 9.805487922468594242e-01 -2.339269214111038764e+03 4.779924543356558475e-01 8.770056418169304147e-01 -4.882947695244915787e-02 3.499416263926835200e+03 -8.575544414043301256e-01 4.779755556761576263e-01 1.901045717592704243e-01 2.014843486436427327e+02 0.000000000000000000e+00 0.000000000000000000e+00 0.000000000000000000e+00 1.000000000000000000e+00
8.045037293458181527e-01 3.809490706294427209e-01 4.556880018776382490e-01 -1.616707676106308782e+03 1.847831253914522520e-01 5.686132921479416513e-01 -8.015822606340826662e-01 3.039240584788364231e+03 -5.644722721615628158e-01 7.290793712479070043e-01 3.870585542027447090e-01 6.856035334526277438e+02 0.000000000000000000e+00 0.000000000000000000e+00 0.000000000000000000e+00 1.000000000000000000e+00
8.229671856796403340e-01 3.002805798329646891e-01 -4.822412100491942910e-01 -1.713279876013361445e+03 -5.123206881930296719e-01 2.550910958152319274e-02 -8.584152828193230000e-01 2.235370902601656780e+03 -2.454638949905934842e-01 9.535097580536533446e-01 1.748331134325261660e-01 1.099858885968381173e+03 0.000000000000000000e+00 0.000000000000000000e+00 0.000000000000000000e+00 1.000000000000000000e+00
8.330509056945978319e-01 4.632191580010192045e-01 -3.024139550057782788e-01 -2.014221469871630688e+03 -4.817801182080019284e-01 3.388404644903318386e-01 -8.081305942256238328e-01 1.524751300205259668e+03 -2.718714884295405643e-01 8.189109544296027110e-01 5.054411365275913726e-01 9.056615640544100643e+02 0.000000000000000000e+00 0.000000000000000000e+00 0.000000000000000000e+00 1.000000000000000000e+00
3.333329182415415426e-01 4.246286087154549360e-02 -9.418524677799497979e-01 -2.782115990508559207e+03 -9.421254466992661225e-01 5.304100939775679979e-02 -3.310382062599044883e-01 1.023803515714714422e+03 3.589997629923652456e-02 9.976891082740508843e-01 5.768565621576493552e-02 1.291043046945013202e+03 0.000000000000000000e+00 0.000000000000000000e+00 0.000000000000000000e+00 1.000000000000000000e+00
-3.744936167189799048e-01 -5.139923546764471052e-01 -7.717294800452418890e-01 -3.722985419162756443e+03 -9.259065035804092680e-01 1.628524072985719218e-01 3.408463584440382665e-01 1.208068884148765846e+03 -4.951441875090062394e-02 8.421941300978188494e-01 -5.368960509861653296e-01 1.115528373217376839e+03 0.000000000000000000e+00 0.000000000000000000e+00 0.000000000000000000e+00 1.000000000000000000e+00
-3.720697114814672801e-01 -5.162050817138620351e-01 -7.714249434720675813e-01 -3.724025903472154823e+03 -9.268607744726010678e-01 1.619122909391168541e-01 3.386938363579958255e-01 1.208410279106611824e+03 -4.993229958801947976e-02 8.410212385282738179e-01 -5.386929011990231331e-01 1.114904115302889977e+03 0.000000000000000000e+00 0.000000000000000000e+00 0.000000000000000000e+00 1.000000000000000000e+00
-7.322063173103967593e-01 -6.807715831053775535e-01 2.059030176915571664e-02 -4.115830042749284075e+03 -4.079628264062551413e-01 4.625930568583838665e-01 7.871302281179626270e-01 2.016628976438204518e+03 -5.453808221429927716e-01 5.679416478676433400e-01 -6.164430577563666525e-01 4.362537904735766006e+02 0.000000000000000000e+00 0.000000000000000000e+00 0.000000000000000000e+00 1.000000000000000000e+00
9.958038527658399364e-01 8.884097638413006315e-02 2.195376350022677434e-02 -4.429810915439556084e+03 -8.958969619407990137e-02 9.953326972093351488e-01 3.586792720303814269e-02 2.351507282258948180e+03 -1.866475696498376066e-02 -3.768425110181205379e-02 9.991153707487107072e-01 5.554313597943540799e+02 0.000000000000000000e+00 0.000000000000000000e+00 0.000000000000000000e+00 1.000000000000000000e+00
-7.128387709363549485e-01 -3.327089158868088981e-01 -6.173861546385465138e-01 -5.056890287098157387e+03 -2.661682420252094450e-01 -6.861061162870728536e-01 6.770619352250422107e-01 2.031653800798837665e+03 -6.488569592654119811e-01 6.469645851844549878e-01 4.005264934182876657e-01 1.261953527671471875e+03 0.000000000000000000e+00 0.000000000000000000e+00 0.000000000000000000e+00 1.000000000000000000e+00
-9.041987904130064369e-01 -4.204981755998762338e-01 7.487210250040940429e-02 -5.152570497784656254e+03 3.806828797506914830e-01 -7.139446711954136049e-01 5.876764003568574202e-01 2.941972798177999266e+03 -1.936623155917969463e-01 5.598788179497850015e-01 8.056243645339773440e-01 1.808700927357444471e+03 0.000000000000000000e+00 0.000000000000000000e+00 0.000000000000000000e+00 1.000000000000000000e+00
-5.639522385644268887e-01 -1.079432416036611442e-01 8.187222540094205581e-01 -4.510338126119265326e+03 7.420713626026631538e-01 -5.012431050962271595e-01 4.450679076259264622e-01 3.416292104890630071e+03 3.623368121281624887e-01 8.585473814447208696e-01 3.627787595645787788e-01 2.498204397094423712e+03 0.000000000000000000e+00 0.000000000000000000e+00 0.000000000000000000e+00 1.000000000000000000e+00
2.157485877690835663e-01 3.226527228922139168e-01 9.216006549942801218e-01 -3.507835719588551910e+03 8.918182056008668868e-01 -4.494622533569879175e-01 -5.141955820608340444e-02 3.519975348600611142e+03 3.976340466238976190e-01 8.329939394842551525e-01 -3.847184187792481169e-01 2.436518136757601042e+03 0.000000000000000000e+00 0.000000000000000000e+00 0.000000000000000000e+00 1.000000000000000000e+00
3.494000316192227285e-01 -7.686358837424998036e-01 5.358343924459050278e-01 -4.017837776649806983e+03 9.149746570966807990e-01 4.030913756695836403e-01 -1.840434002114355039e-02 4.619754630017213458e+03 -2.018439862252462969e-01 4.967053664741187813e-01 8.441224935638866889e-01 2.365560581575366996e+03 0.000000000000000000e+00 0.000000000000000000e+00 0.000000000000000000e+00 1.000000000000000000e+00
7.291934051503561331e-01 -5.467915729905399314e-01 4.114558950747449484e-01 -3.609657582818172159e+03 5.704313634518463072e-01 1.535622791789731933e-01 -8.068622472292446002e-01 4.089523512112742083e+03 3.780013723198583642e-01 8.230659767721479891e-01 4.238836637621385406e-01 3.027530352605005191e+03 0.000000000000000000e+00 0.000000000000000000e+00 0.000000000000000000e+00 1.000000000000000000e+00
8.073230333858234520e-01 -5.130113061766615745e-01 2.916314789243920069e-01 -3.608200917211037449e+03 4.232967103828960131e-01 1.591161793815866754e-01 -8.919091525699381906e-01 4.087032984765266065e+03 4.111561926369723396e-01 8.435054482301357348e-01 3.456141548929188567e-01 3.030073312398253165e+03 0.000000000000000000e+00 0.000000000000000000e+00 0.000000000000000000e+00 1.000000000000000000e+00
8.093016316318457637e-01 -5.070506306981467093e-01 2.965308195561535132e-01 -3.608566608996134164e+03 4.264990225401153467e-01 1.601309860814670305e-01 -8.902003432199424582e-01 4.086224120139563183e+03 4.038928729383060579e-01 8.469106949408472529e-01 3.458508666816560995e-01 3.030533755226687845e+03 0.000000000000000000e+00 0.000000000000000000e+00 0.000000000000000000e+00 1.000000000000000000e+00
8.691439065686460408e-01 -4.878409023264315136e-01 -8.124114531397200190e-02 -3.662202627942758227e+03 -3.199202968915282330e-01 -4.293229419709773120e-01 -8.445903238459586682e-01 3.106760518995849907e+03 3.771470181658993504e-01 7.600612248462081944e-01 -5.292136252723022016e-01 2.938211772277486034e+03 0.000000000000000000e+00 0.000000000000000000e+00 0.000000000000000000e+00 1.000000000000000000e+00
